{"random_seed": 3379216, "camera_metadata": {"dist": 4.0, "theta": 4.3822196320215845, "phi": 0.8008990729885554, "near": 0.10000000149011612, "far": 100.0, "width": 448, "height": 448, "fov": 0.6108652353286743, "camera_matrix": [[710.4371948242188, 0.0, 224.0, 0.0], [0.0, 710.4371948242188, 224.0, 0.0], [0.0, 0.0, 1.0, 0.0], [0.0, 0.0, 0.0, 1.0]], "projection_matrix": [[3.1715946197509766, 0.0, 0.0, 0.0], [0.0, 3.1715946197509766, 0.0, 0.0], [0.0, 0.0, -1.0020020008087158, -0.20020020008087158], [0.0, 0.0, -1.0, 0.0]], "model_matrix": [[0.0, 0.0, -1.0, 0.0], [-1.0, 0.0, 0.0, 0.0], [0.0, 1.0, 0.0, 0.0], [0.0, 0.0, 0.0, 1.0]], "mat44": [[0.22566538073033465, -0.9459874538065032, 0.23277214863578977, -0.9026615229213386], [0.6584654199347322, 0.32420323446981386, 0.6792021448063071, -2.6338616797389287], [-0.7179821910674457, 0.0, 0.6960614723643237, 2.8719287642697826], [0.0, 0.0, 0.0, 1.0]], "base_mat44": [[0.32420323446981386, -0.9459874538065032, 0.0, -0.9026615229213386], [0.9459874538065032, 0.32420323446981386, 0.0, -2.6338616797389287], [-0.0, 0.0, 1.0, 2.8719287642697826], [0.0, 0.0, 0.0, 1.0]], "cam2cambase": [[0.6960614723643236, 0.0, 0.7179821910674455], [0.0, 0.9999999999999999, -2.7755575615628914e-17], [-0.7179821910674457, 0.0, 0.6960614723643237]]}, "scene_settings": [{"name": "table", "shape_id": "35059", "fix_root_link": true, "state": "random-closed-middle", "init_x": 0, "init_y": 0, "init_z": 0, "init_quat": [1, 0, 0, 0], "joint_angles": [0.1111782969185197]}, {"name": "act-0-200516", "shape_id": "200516", "fix_root_link": false, "state": "locked", "init_z": 0.8756626784360082, "init_x": 0.1335558261552221, "init_y": -0.38752830637022484, "init_scale": 0.09208789625727991, "init_quat": [-0.5961612877430794, 0.0, 0.0, 0.8028646953232613], "joint_angles": []}, {"name": "act-1-200516", "shape_id": "200516", "fix_root_link": false, "state": "locked", "init_z": 1.0897602903666985, "init_x": 0.17000232940451032, "init_y": -0.349928803080104, "init_scale": 0.23415101061809512, "init_quat": [-0.9802316471858735, 0.0, 0.0, 0.1978532735520672], "joint_angles": []}, {"name": "act-2-200516", "shape_id": "200516", "fix_root_link": false, "state": "locked", "init_z": 1.048853291315288, "init_x": 0.1561015337503764, "init_y": -0.14005590596983897, "init_scale": 0.1463834394543047, "init_quat": [0.9967486685323955, 0.0, 0.0, 0.08057351785107071], "joint_angles": []}, {"name": "act-3-200516", "shape_id": "200516", "fix_root_link": false, "state": "locked", "init_z": 0.8948886872542607, "init_x": -0.4895370582150478, "init_y": 0.267285152117994, "init_scale": 0.1212386292844095, "init_quat": [0.8247225996527049, 0.0, 0.0, 0.5655374732253242], "joint_angles": []}, {"name": "act-4-200516", "shape_id": "200516", "fix_root_link": false, "state": "locked", "init_z": 0.9393724427350947, "init_x": -0.18784377316405731, "init_y": -0.3852570853301107, "init_scale": 0.18946336143773462, "init_quat": [0.22005969444515838, 0.0, 0.0, 0.975486407327495], "joint_angles": []}, {"name": "act-5-200516", "shape_id": "200516", "fix_root_link": false, "state": "locked", "init_z": 0.9399938561106629, "init_x": -0.6316608858630138, "init_y": -0.3374814708383256, "init_scale": 0.21572543797750932, "init_quat": [-0.7316705070342441, 0.0, 0.0, 0.6816584695698076], "joint_angles": []}, {"name": "act-6-200516", "shape_id": "200516", "fix_root_link": false, "state": "locked", "init_z": -0.2529596893389596, "init_x": -0.5035682803844439, "init_y": 0.2113062434899895, "init_scale": 0.28753306414678387, "init_quat": [-0.8365627227864602, 0.0, 0.0, 0.5478711626323329], "joint_angles": []}, {"name": "act-7-200516", "shape_id": "200516", "fix_root_link": false, "state": "locked", "init_z": 1.2166187018878103, "init_x": -0.2384603244260678, "init_y": -0.5103215384869193, "init_scale": 0.2217121667392994, "init_quat": [-0.3007873430798814, 0.0, 0.0, 0.9536912363249155], "joint_angles": []}, {"name": "act-8-200516", "shape_id": "200516", "fix_root_link": false, "state": "locked", "init_z": 0.9902912102725854, "init_x": -0.4987353237113228, "init_y": -0.06564363920189953, "init_scale": 0.2671404697642685, "init_quat": [-0.256108329726685, 0.0, 0.0, 0.9666480866606045], "joint_angles": []}, {"name": "act-9-200516", "shape_id": "200516", "fix_root_link": false, "state": "locked", "init_z": 1.1048505635595463, "init_x": -0.43117516119235033, "init_y": -0.09068427853724792, "init_scale": 0.14837213403263444, "init_quat": [-0.037997886499036196, 0.0, 0.0, 0.9992778195384937], "joint_angles": []}], "pixel_locs": [266, 133], "position_cam": [4.377486228942871, 0.5607128143310547, -0.2587905526161194], "position_world": [-0.5054809469499593, 0.25457543788276826, -0.451162522842143], "acting_object": {"name": "object", "shape_id": "200516", "fix_root_link": false, "state": "locked", "init_z": -0.3509396930727442, "init_x": -0.5054809469499593, "init_y": 0.25457543788276826, "init_scale": 0.13783106245230892, "init_quat": [-0.6592031403542679, 0.0, 0.0, 0.7519649059278442], "joint_angles": []}, "result": false}