{"random_seed": 5709405, "camera_metadata": {"dist": 4.0, "theta": 0.1144883935286612, "phi": 0.8105775765757043, "near": 0.10000000149011612, "far": 100.0, "width": 448, "height": 448, "fov": 0.6108652353286743, "camera_matrix": [[710.4371948242188, 0.0, 224.0, 0.0], [0.0, 710.4371948242188, 224.0, 0.0], [0.0, 0.0, 1.0, 0.0], [0.0, 0.0, 0.0, 1.0]], "projection_matrix": [[3.1715946197509766, 0.0, 0.0, 0.0], [0.0, 3.1715946197509766, 0.0, 0.0], [0.0, 0.0, -1.0020020008087158, -0.20020020008087158], [0.0, 0.0, -1.0, 0.0]], "model_matrix": [[0.0, 0.0, -1.0, 0.0], [-1.0, 0.0, 0.0, 0.0], [0.0, 1.0, 0.0, 0.0], [0.0, 0.0, 0.0, 1.0]], "mat44": [[-0.6845688276822677, 0.11423844619861856, -0.7199410375689463, 2.7382753107290707], [-0.07871942698288859, -0.9934533594538424, -0.08278692170482206, 0.31487770793155434], [-0.7246852916826803, 0.0, 0.6890799866624981, 2.898741166730721], [0.0, 0.0, 0.0, 1.0]], "base_mat44": [[-0.9934533594538424, 0.11423844619861856, 0.0, 2.7382753107290707], [-0.11423844619861856, -0.9934533594538424, 0.0, 0.31487770793155434], [0.0, 0.0, 1.0, 2.898741166730721], [0.0, 0.0, 0.0, 1.0]], "cam2cambase": [[0.6890799866624981, 0.0, 0.7246852916826803], [0.0, 1.0, 0.0], [-0.7246852916826803, 0.0, 0.6890799866624981]]}, "scene_settings": [{"name": "table", "shape_id": "35059", "fix_root_link": true, "state": "random-closed-middle", "init_x": 0, "init_y": 0, "init_z": 0, "init_quat": [1, 0, 0, 0], "joint_angles": [2.0938504830089313]}, {"name": "act-0-200516", "shape_id": "200516", "fix_root_link": false, "state": "locked", "init_z": 0.9479909277252434, "init_x": -0.48549755759774893, "init_y": 0.3657996816437076, "init_scale": 0.2022133659538214, "init_quat": [-0.8539855400430887, 0.0, 0.0, 0.5202967397527244], "joint_angles": []}, {"name": "act-1-200516", "shape_id": "200516", "fix_root_link": false, "state": "locked", "init_z": 1.0113329195920822, "init_x": 0.4767347078675037, "init_y": 0.37140259114810836, "init_scale": 0.29946802723653765, "init_quat": [-0.9284721032829778, 0.0, 0.0, 0.3714021451543912], "joint_angles": []}, {"name": "act-2-200516", "shape_id": "200516", "fix_root_link": false, "state": "locked", "init_z": 1.3168355338886155, "init_x": 0.49619841529245967, "init_y": 0.3704472042347913, "init_scale": 0.1701319933282185, "init_quat": [0.36334665018233664, 0.0, 0.0, 0.9316540193662424], "joint_angles": []}, {"name": "act-3-200516", "shape_id": "200516", "fix_root_link": false, "state": "locked", "init_z": 1.3252010047337721, "init_x": 0.305742683963937, "init_y": 0.347109492765346, "init_scale": 0.18281659758416358, "init_quat": [0.20529836497636111, 0.0, 0.0, 0.9786994336046347], "joint_angles": []}, {"name": "act-4-200516", "shape_id": "200516", "fix_root_link": false, "state": "locked", "init_z": -0.3277204836875096, "init_x": 0.5231051312388697, "init_y": 0.020764395117003565, "init_scale": 0.1820687317846325, "init_quat": [0.891273358335149, 0.0, 0.0, 0.45346642733722325], "joint_angles": []}, {"name": "act-5-200516", "shape_id": "200516", "fix_root_link": false, "state": "locked", "init_z": 1.3100432867773872, "init_x": 0.40713777454791744, "init_y": 0.41075111142358156, "init_scale": 0.1597940939703345, "init_quat": [0.37320581720488943, 0.0, 0.0, 0.9277485747789811], "joint_angles": []}, {"name": "act-6-200516", "shape_id": "200516", "fix_root_link": false, "state": "locked", "init_z": 1.3414109288440506, "init_x": 0.5038642271530525, "init_y": 0.3591008100687584, "init_scale": 0.20766078501271412, "init_quat": [0.6431434812516936, 0.0, 0.0, 0.7657456905026971], "joint_angles": []}], "pixel_locs": [21, 294], "position_cam": [3.4657986164093018, -0.34148821234703064, 0.9903156757354736], "position_world": [-0.38628236297252805, 0.29931945226960016, 1.0695345981121798], "acting_object": {"name": "object", "shape_id": "200516", "fix_root_link": false, "state": "locked", "init_z": 1.2095919909478703, "init_x": -0.38628236297252805, "init_y": 0.29931945226960016, "init_scale": 0.19868519004133334, "init_quat": [-0.7574904889823117, 0.0, 0.0, 0.6528461986573394], "joint_angles": []}, "result": true}