{"random_seed": 5875910, "camera_metadata": {"dist": 4.0, "theta": 0.17014873890202248, "phi": 1.0294454963039903, "near": 0.10000000149011612, "far": 100.0, "width": 448, "height": 448, "fov": 0.6108652353286743, "camera_matrix": [[710.4371948242188, 0.0, 224.0, 0.0], [0.0, 710.4371948242188, 224.0, 0.0], [0.0, 0.0, 1.0, 0.0], [0.0, 0.0, 0.0, 1.0]], "projection_matrix": [[3.1715946197509766, 0.0, 0.0, 0.0], [0.0, 3.1715946197509766, 0.0, 0.0], [0.0, 0.0, -1.0020020008087158, -0.20020020008087158], [0.0, 0.0, -1.0, 0.0]], "model_matrix": [[0.0, 0.0, -1.0, 0.0], [-1.0, 0.0, 0.0, 0.0], [0.0, 1.0, 0.0, 0.0], [0.0, 0.0, 0.0, 1.0]], "mat44": [[-0.5078530836226145, 0.16932894199110304, -0.8446377654706041, 2.031412334490458], [-0.08725421175324359, -0.985559592010637, -0.1451171703388213, 0.34901684701297436], [-0.8570133884522003, 0.0, 0.5152941412568923, 3.4280535538088013], [0.0, 0.0, 0.0, 1.0]], "base_mat44": [[-0.9855595920106373, 0.16932894199110304, 0.0, 2.031412334490458], [-0.16932894199110307, -0.985559592010637, 0.0, 0.34901684701297436], [0.0, 0.0, 1.0, 3.4280535538088013], [0.0, 0.0, 0.0, 1.0]], "cam2cambase": [[0.5152941412568924, 0.0, 0.8570133884522001], [-1.3877787807814457e-17, 1.0000000000000002, 2.7755575615628914e-17], [-0.8570133884522003, 0.0, 0.5152941412568923]]}, "scene_settings": [{"name": "table", "shape_id": "35059", "fix_root_link": true, "state": "random-closed-middle", "init_x": 0, "init_y": 0, "init_z": 0, "init_quat": [1, 0, 0, 0], "joint_angles": [1.046133721037298]}, {"name": "act-0-200516", "shape_id": "200516", "fix_root_link": false, "state": "locked", "init_z": 0.32618523649804954, "init_x": 0.0731346845934957, "init_y": -0.2677906511390503, "init_scale": 0.23842234404505358, "init_quat": [0.935918915709427, 0.0, 0.0, 0.3522155351731244], "joint_angles": []}, {"name": "act-1-200516", "shape_id": "200516", "fix_root_link": false, "state": "locked", "init_z": -0.29582972426654197, "init_x": -0.40300300116226495, "init_y": -0.10216077942467705, "init_scale": 0.23960647365355037, "init_quat": [-0.9951159267159354, 0.0, 0.0, 0.09871318248483875], "joint_angles": []}, {"name": "act-2-200516", "shape_id": "200516", "fix_root_link": false, "state": "locked", "init_z": 0.9643355578269122, "init_x": -0.012159656540056574, "init_y": -0.3848289508755961, "init_scale": 0.22808001137113298, "init_quat": [-0.7579754283376413, 0.0, 0.0, 0.652283105741954], "joint_angles": []}, {"name": "act-3-200516", "shape_id": "200516", "fix_root_link": false, "state": "locked", "init_z": 0.9051253744580186, "init_x": -0.6614763803944146, "init_y": 0.30667410192881095, "init_scale": 0.16274697052567305, "init_quat": [-0.7071311143733481, 0.0, 0.0, 0.7070824471623567], "joint_angles": []}, {"name": "act-4-200516", "shape_id": "200516", "fix_root_link": false, "state": "locked", "init_z": -0.31188166750722224, "init_x": 0.5365379750967245, "init_y": -0.3583513822088839, "init_scale": 0.2069001377776291, "init_quat": [-0.8347644806290935, 0.0, 0.0, 0.5506071756525153], "joint_angles": []}, {"name": "act-5-200516", "shape_id": "200516", "fix_root_link": false, "state": "locked", "init_z": -0.4082079562404848, "init_x": 0.5258253291749759, "init_y": 0.17837670572934372, "init_scale": 0.059762009524358436, "init_quat": [0.09185891352911983, 0.0, 0.0, 0.9957720321465399], "joint_angles": []}, {"name": "act-6-200516", "shape_id": "200516", "fix_root_link": false, "state": "locked", "init_z": 1.1110463207318937, "init_x": -0.5795808324704534, "init_y": 0.2905401492197509, "init_scale": 0.15868437090490994, "init_quat": [0.4021548428235135, 0.0, 0.0, 0.9155716697198506], "joint_angles": []}, {"name": "act-7-200516", "shape_id": "200516", "fix_root_link": false, "state": "locked", "init_z": 1.2383370746067037, "init_x": 0.031868001505543475, "init_y": -0.3496178126171568, "init_scale": 0.19227852420269398, "init_quat": [-0.42329997353179993, 0.0, 0.0, 0.905989587361785], "joint_angles": []}], "pixel_locs": [202, 165], "position_cam": [3.885502815246582, 0.3226810693740845, 0.12032174319028854], "position_world": [0.011158704115029394, -0.32549181238026276, 0.16012670960553654], "acting_object": {"name": "object", "shape_id": "200516", "fix_root_link": false, "state": "locked", "init_z": 0.318734523585005, "init_x": 0.011158704115029394, "init_y": -0.32549181238026276, "init_scale": 0.22702425315154073, "init_quat": [0.10392688343905787, 0.0, 0.0, 0.9945849400119854], "joint_angles": []}, "result": false}