{"random_seed": 4439036, "camera_metadata": {"dist": 4.0, "theta": 3.766878457747509, "phi": 0.9457004362555445, "near": 0.10000000149011612, "far": 100.0, "width": 448, "height": 448, "fov": 0.6108652353286743, "camera_matrix": [[710.4371948242188, 0.0, 224.0, 0.0], [0.0, 710.4371948242188, 224.0, 0.0], [0.0, 0.0, 1.0, 0.0], [0.0, 0.0, 0.0, 1.0]], "projection_matrix": [[3.1715946197509766, 0.0, 0.0, 0.0], [0.0, 3.1715946197509766, 0.0, 0.0], [0.0, 0.0, -1.0020020008087158, -0.20020020008087158], [0.0, 0.0, -1.0, 0.0]], "model_matrix": [[0.0, 0.0, -1.0, 0.0], [-1.0, 0.0, 0.0, 0.0], [0.0, 1.0, 0.0, 0.0], [0.0, 0.0, 0.0, 1.0]], "mat44": [[0.474457496739926, -0.5853290256720679, 0.657480049501938, -1.8978299869597037], [0.3425199324644709, 0.8107958631528577, 0.47464741035714786, -1.3700797298578833], [-0.8109070104838271, 0.0, 0.5851750339412837, 3.243628041935308], [0.0, 0.0, 0.0, 1.0]], "base_mat44": [[0.8107958631528578, -0.5853290256720679, 0.0, -1.8978299869597037], [0.585329025672068, 0.8107958631528577, 0.0, -1.3700797298578833], [-0.0, 0.0, 1.0, 3.243628041935308], [0.0, 0.0, 0.0, 1.0]], "cam2cambase": [[0.5851750339412837, -5.551115123125783e-17, 0.810907010483827], [-1.1102230246251565e-16, 0.9999999999999999, -5.551115123125783e-17], [-0.8109070104838271, 0.0, 0.5851750339412837]]}, "scene_settings": [{"name": "table", "shape_id": "35059", "fix_root_link": true, "state": "random-closed-middle", "init_x": 0, "init_y": 0, "init_z": 0, "init_quat": [1, 0, 0, 0], "joint_angles": [-0.0]}, {"name": "act-0-200516", "shape_id": "200516", "fix_root_link": false, "state": "locked", "init_z": 0.36102341275871663, "init_x": 0.4968551692541854, "init_y": 0.2857144006546386, "init_scale": 0.29113716924119637, "init_quat": [0.998593913864254, 0.0, 0.0, 0.05301127420908538], "joint_angles": []}, {"name": "act-1-200516", "shape_id": "200516", "fix_root_link": false, "state": "locked", "init_z": 0.31801479541036337, "init_x": 0.15324822775095903, "init_y": 0.3360559947277981, "init_scale": 0.2255247597348627, "init_quat": [0.3491470373835877, 0.0, 0.0, 0.937067951797661], "joint_angles": []}, {"name": "act-2-200516", "shape_id": "200516", "fix_root_link": false, "state": "locked", "init_z": 0.9330518037550759, "init_x": -0.5238500611191381, "init_y": 0.32704665616336803, "init_scale": 0.20539235092397212, "init_quat": [0.9938996852863162, 0.0, 0.0, 0.11028787597810366], "joint_angles": []}, {"name": "act-3-200516", "shape_id": "200516", "fix_root_link": false, "state": "locked", "init_z": 0.22384330173339984, "init_x": 0.12499145185602711, "init_y": 0.28599420025183764, "init_scale": 0.08167760243701071, "init_quat": [-0.45835344415608303, 0.0, 0.0, 0.8887700041238208], "joint_angles": []}, {"name": "act-4-200516", "shape_id": "200516", "fix_root_link": false, "state": "locked", "init_z": 1.0019070240922014, "init_x": 0.5361381813652606, "init_y": 0.09680315354228863, "init_scale": 0.2850552571562374, "init_quat": [-0.9598832216479064, 0.0, 0.0, 0.28040007275112505], "joint_angles": []}, {"name": "act-5-200516", "shape_id": "200516", "fix_root_link": false, "state": "locked", "init_z": 0.3419180696187383, "init_x": 0.44571806046723617, "init_y": 0.3290534807652663, "init_scale": 0.2619555864674816, "init_quat": [-0.9743317568352606, 0.0, 0.0, 0.22511691989345148], "joint_angles": []}, {"name": "act-6-200516", "shape_id": "200516", "fix_root_link": false, "state": "locked", "init_z": 0.2534495374337642, "init_x": 0.33864671684726133, "init_y": 0.04084762937749842, "init_scale": 0.12689707451192028, "init_quat": [-0.7221074793358183, 0.0, 0.0, 0.6917808817011862], "joint_angles": []}, {"name": "act-7-200516", "shape_id": "200516", "fix_root_link": false, "state": "locked", "init_z": 0.4896675751115833, "init_x": 0.34008288431753786, "init_y": 0.0819617704380633, "init_scale": 0.2352680438733425, "init_quat": [0.9999593418797416, 0.0, 0.0, 0.009017460143200966], "joint_angles": []}, {"name": "act-8-200516", "shape_id": "200516", "fix_root_link": false, "state": "locked", "init_z": 0.36246125981043353, "init_x": 0.1274163399717383, "init_y": -0.037240523448727636, "init_scale": 0.2935116103837693, "init_quat": [-0.8033149204495863, 0.0, 0.0, 0.5955544799454328], "joint_angles": []}], "pixel_locs": [157, 232], "position_cam": [4.079846382141113, -0.04594184085726738, 0.38476261496543884], "position_world": [0.3177485506749498, 0.17272610170139724, 0.1604054852317378], "acting_object": {"name": "object", "shape_id": "200516", "fix_root_link": false, "state": "locked", "init_z": 0.23651836703034346, "init_x": 0.3177485506749498, "init_y": 0.17272610170139724, "init_scale": 0.10099891746704452, "init_quat": [0.3487199412708448, 0.0, 0.0, 0.9372269749426009], "joint_angles": []}, "result": false}